# Telemetry stream timing data 
# File written by function save_telemetry_fits_function in file /home/scexao/src/milk/src/COREMOD_memory/logshmim.c
# 
# col1 : datacube frame index
# col2 : Main index
# col3 : Time since cube origin (logging)
# col4 : Absolute time (logging)
# col5 : Absolute time (acquisition)
# col6 : stream cnt0 index
# col7 : stream cnt1 index
# 
         0    15517605      7.114749670   1726585517.117375135  1726585517.115851     15517605            0         
         1    15517606      7.120310545   1726585517.122936010  1726585517.121186     15517606            0         
         2    15517607      7.125502348   1726585517.128127813  1726585517.126517     15517607            0         
         3    15517608      7.130800486   1726585517.133425951  1726585517.131851     15517608            0         
         4    15517609      7.136024952   1726585517.138650417  1726585517.137184     15517609            0         
         5    15517610      7.141642809   1726585517.144268274  1726585517.142517     15517610            0         
         6    15517611      7.146857977   1726585517.149483442  1726585517.147851     15517611            0         
         7    15517612      7.152107477   1726585517.154732943  1726585517.153185     15517612            0         
         8    15517613      7.157443762   1726585517.160069227  1726585517.158519     15517613            0         
         9    15517614      7.162850857   1726585517.165476322  1726585517.163851     15517614            0        
         10    15517615      7.168292761   1726585517.170918226  1726585517.169186     15517615            0        
         11    15517616      7.173388958   1726585517.176014423  1726585517.174517     15517616            0        
         12    15517617      7.178821325   1726585517.181446791  1726585517.179852     15517617            0        
         13    15517618      7.183968782   1726585517.186594248  1726585517.185185     15517618            0        
         14    15517619      7.189381123   1726585517.192006588  1726585517.190518     15517619            0        
         15    15517620      7.194701910   1726585517.197327375  1726585517.195852     15517620            0        
         16    15517621      7.200206995   1726585517.202832460  1726585517.201187     15517621            0        
         17    15517622      7.205376625   1726585517.208002090  1726585517.206518     15517622            0        
         18    15517623      7.210670710   1726585517.213296175  1726585517.211852     15517623            0        
         19    15517624      7.216038465   1726585517.218663931  1726585517.217190     15517624            0        
         20    15517625      7.221548080   1726585517.224173546  1726585517.222518     15517625            0        
         21    15517626      7.226772785   1726585517.229398251  1726585517.227852     15517626            0        
         22    15517627      7.232080221   1726585517.234705687  1726585517.233186     15517627            0        
         23    15517628      7.237498522   1726585517.240123987  1726585517.238519     15517628            0        
         24    15517629      7.242854357   1726585517.245479822  1726585517.243853     15517629            0        
         25    15517630      7.248202562   1726585517.250828028  1726585517.249187     15517630            0        
         26    15517631      7.253356695   1726585517.255982161  1726585517.254519     15517631            0        
         27    15517632      7.258976460   1726585517.261601925  1726585517.259853     15517632            0        
         28    15517633      7.264206886   1726585517.266832352  1726585517.265188     15517633            0        
         29    15517634      7.269500971   1726585517.272126436  1726585517.270519     15517634            0        
         30    15517635      7.274746895   1726585517.277372360  1726585517.275854     15517635            0        
         31    15517636      7.280047178   1726585517.282672644  1726585517.281187     15517636            0        
         32    15517637      7.285613298   1726585517.288238764  1726585517.286521     15517637            0        
         33    15517638      7.290902376   1726585517.293527842  1726585517.291856     15517638            0        
         34    15517639      7.296281576   1726585517.298907042  1726585517.297189     15517639            0        
         35    15517640      7.301484585   1726585517.304110050  1726585517.302520     15517640            0        
         36    15517641      7.306743145   1726585517.309368610  1726585517.307854     15517641            0        
         37    15517642      7.312246799   1726585517.314872265  1726585517.313187     15517642            0        
         38    15517643      7.317587376   1726585517.320212841  1726585517.318520     15517643            0        
         39    15517644      7.322815180   1726585517.325440645  1726585517.323854     15517644            0        
         40    15517645      7.328111172   1726585517.330736637  1726585517.329189     15517645            0        
         41    15517646      7.333637476   1726585517.336262941  1726585517.334521     15517646            0        
         42    15517647      7.338915586   1726585517.341541052  1726585517.339855     15517647            0        
         43    15517648      7.344080687   1726585517.346706152  1726585517.345188     15517648            0        
         44    15517649      7.349376678   1726585517.352002144  1726585517.350521     15517649            0        
         45    15517650      7.354832172   1726585517.357457638  1726585517.355855     15517650            0        
         46    15517651      7.360224485   1726585517.362849951  1726585517.361190     15517651            0        
         47    15517652      7.365555763   1726585517.368181229  1726585517.366520     15517652            0        
         48    15517653      7.370810032   1726585517.373435497  1726585517.371856     15517653            0        
         49    15517654      7.376161098   1726585517.378786564  1726585517.377191     15517654            0        
         50    15517655      7.381542206   1726585517.384167671  1726585517.382522     15517655            0        
         51    15517656      7.386820078   1726585517.389445543  1726585517.387854     15517656            0        
         52    15517657      7.392083883   1726585517.394709349  1726585517.393188     15517657            0        
         53    15517658      7.397378683   1726585517.400004148  1726585517.398521     15517658            0        
         54    15517659      7.402765751   1726585517.405391216  1726585517.403856     15517659            0        
         55    15517660      7.408094406   1726585517.410719872  1726585517.409190     15517660            0        
         56    15517661      7.413559675   1726585517.416185141  1726585517.414523     15517661            0        
         57    15517662      7.418762207   1726585517.421387672  1726585517.419856     15517662            0        
         58    15517663      7.424048185   1726585517.426673651  1726585517.425189     15517663            0        
         59    15517664      7.429332733   1726585517.431958199  1726585517.430522     15517664            0        
         60    15517665      7.434792519   1726585517.437417984  1726585517.435857     15517665            0        
         61    15517666      7.440204382   1726585517.442829847  1726585517.441190     15517666            0        
         62    15517667      7.445344448   1726585517.447969913  1726585517.446522     15517667            0        
         63    15517668      7.450793028   1726585517.453418493  1726585517.451857     15517668            0        
         64    15517669      7.456200838   1726585517.458826303  1726585517.457192     15517669            0        
         65    15517670      7.461447001   1726585517.464072466  1726585517.462523     15517670            0        
         66    15517671      7.466699123   1726585517.469324589  1726585517.467856     15517671            0        
         67    15517672      7.472169399   1726585517.474794865  1726585517.473190     15517672            0        
         68    15517673      7.477412939   1726585517.480038404  1726585517.478523     15517673            0        
         69    15517674      7.482815981   1726585517.485441446  1726585517.483856     15517674            0        
         70    15517675      7.488089323   1726585517.490714788  1726585517.489190     15517675            0        
         71    15517676      7.493508339   1726585517.496133804  1726585517.494524     15517676            0        
         72    15517677      7.498955727   1726585517.501581192  1726585517.499858     15517677            0        
         73    15517678      7.504086733   1726585517.506712198  1726585517.505190     15517678            0        
         74    15517679      7.509469271   1726585517.512094736  1726585517.510524     15517679            0        
         75    15517680      7.514818430   1726585517.517443895  1726585517.515857     15517680            0        
         76    15517681      7.520029068   1726585517.522654533  1726585517.521191     15517681            0        
         77    15517682      7.525398970   1726585517.528024435  1726585517.526524     15517682            0        
         78    15517683      7.530818224   1726585517.533443689  1726585517.531857     15517683            0        
         79    15517684      7.536094904   1726585517.538720369  1726585517.537191     15517684            0        
         80    15517685      7.541424036   1726585517.544049501  1726585517.542524     15517685            0        
         81    15517686      7.546960831   1726585517.549586296  1726585517.547857     15517686            0        
         82    15517687      7.552244186   1726585517.554869652  1726585517.553192     15517687            0        
         83    15517688      7.557544708   1726585517.560170174  1726585517.558524     15517688            0        
         84    15517689      7.562796593   1726585517.565422058  1726585517.563857     15517689            0        
         85    15517690      7.568115711   1726585517.570741177  1726585517.569197     15517690            0        
         86    15517691      7.573565722   1726585517.576191187  1726585517.574526     15517691            0        
         87    15517692      7.578753948   1726585517.581379414  1726585517.579857     15517692            0        
         88    15517693      7.584100485   1726585517.586725950  1726585517.585193     15517693            0        
         89    15517694      7.589368820   1726585517.591994286  1726585517.590525     15517694            0        
         90    15517695      7.594867468   1726585517.597492933  1726585517.595859     15517695            0        
         91    15517696      7.600172281   1726585517.602797747  1726585517.601192     15517696            0        
         92    15517697      7.605403662   1726585517.608029127  1726585517.606524     15517697            0        
         93    15517698      7.610786915   1726585517.613412380  1726585517.611859     15517698            0        
         94    15517699      7.616106987   1726585517.618732452  1726585517.617193     15517699            0        
         95    15517700      7.621557951   1726585517.624183416  1726585517.622525     15517700            0        
         96    15517701      7.626793385   1726585517.629418850  1726585517.627860     15517701            0        
         97    15517702      7.632124901   1726585517.634750366  1726585517.633194     15517702            0        
         98    15517703      7.637343645   1726585517.639969110  1726585517.638526     15517703            0        
         99    15517704      7.642740726   1726585517.645366192  1726585517.643859     15517704            0       
         100    15517705      7.648190737   1726585517.650816202  1726585517.649193     15517705            0       
         101    15517706      7.653466702   1726585517.656092167  1726585517.654526     15517706            0       
         102    15517707      7.658730984   1726585517.661356449  1726585517.659860     15517707            0       
         103    15517708      7.664066553   1726585517.666692019  1726585517.665197     15517708            0       
         104    15517709      7.669601917   1726585517.672227383  1726585517.670530     15517709            0       
         105    15517710      7.674734354   1726585517.677359819  1726585517.675860     15517710            0       
         106    15517711      7.680015564   1726585517.682641029  1726585517.681193     15517711            0       
         107    15517712      7.685404062   1726585517.688029528  1726585517.686527     15517712            0       
         108    15517713      7.690928936   1726585517.693554401  1726585517.691861     15517713            0       
         109    15517714      7.696182489   1726585517.698807955  1726585517.697194     15517714            0       
         110    15517715      7.701415300   1726585517.704040766  1726585517.702529     15517715            0       
         111    15517716      7.706700325   1726585517.709325790  1726585517.707861     15517716            0       
         112    15517717      7.712324619   1726585517.714950085  1726585517.713197     15517717            0       
         113    15517718      7.717700481   1726585517.720325947  1726585517.718527     15517718            0       
         114    15517719      7.722925186   1726585517.725550652  1726585517.723861     15517719            0       
         115    15517720      7.728018045   1726585517.730643511  1726585517.729195     15517720            0       
         116    15517721      7.733396530   1726585517.736021996  1726585517.734528     15517721            0       
         117    15517722      7.738865852   1726585517.741491318  1726585517.739862     15517722            0       
         118    15517723      7.744204283   1726585517.746829748  1726585517.745196     15517723            0       
         119    15517724      7.749737263   1726585517.752362728  1726585517.750528     15517724            0       
         120    15517725      7.754777670   1726585517.757403135  1726585517.755863     15517725            0       
         121    15517726      7.760232687   1726585517.762858152  1726585517.761196     15517726            0       
         122    15517727      7.765582800   1726585517.768208265  1726585517.766528     15517727            0       
         123    15517728      7.770809412   1726585517.773434877  1726585517.771863     15517728            0       
         124    15517729      7.776089191   1726585517.778714657  1726585517.777195     15517729            0       
         125    15517730      7.781587362   1726585517.784212828  1726585517.782528     15517730            0       
         126    15517731      7.786925793   1726585517.789551258  1726585517.787861     15517731            0       
         127    15517732      7.792248011   1726585517.794873476  1726585517.793198     15517732            0       
         128    15517733      7.797451973   1726585517.800077438  1726585517.798529     15517733            0       
         129    15517734      7.802730322   1726585517.805355787  1726585517.803862     15517734            0       
         130    15517735      7.808287382   1726585517.810912848  1726585517.809195     15517735            0       
         131    15517736      7.813508034   1726585517.816133499  1726585517.814528     15517736            0       
         132    15517737      7.818735123   1726585517.821360588  1726585517.819863     15517737            0       
         133    15517738      7.824027300   1726585517.826652765  1726585517.825199     15517738            0       
         134    15517739      7.829601049   1726585517.832226515  1726585517.830531     15517739            0       
         135    15517740      7.834846735   1726585517.837472200  1726585517.835862     15517740            0       
         136    15517741      7.840040445   1726585517.842665911  1726585517.841199     15517741            0       
         137    15517742      7.845432758   1726585517.848058224  1726585517.846529     15517742            0       
         138    15517743      7.850753069   1726585517.853378534  1726585517.851863     15517743            0       
         139    15517744      7.856266499   1726585517.858891964  1726585517.857197     15517744            0       
         140    15517745      7.861582994   1726585517.864208460  1726585517.862529     15517745            0       
         141    15517746      7.866924286   1726585517.869549751  1726585517.867864     15517746            0       
         142    15517747      7.872123241   1726585517.874748707  1726585517.873197     15517747            0       
         143    15517748      7.877623320   1726585517.880248785  1726585517.878530     15517748            0       
         144    15517749      7.882987976   1726585517.885613441  1726585517.883864     15517749            0       
         145    15517750      7.888106108   1726585517.890731573  1726585517.889198     15517750            0       
         146    15517751      7.893368006   1726585517.895993471  1726585517.894530     15517751            0       
         147    15517752      7.898737431   1726585517.901362896  1726585517.899864     15517752            0       
         148    15517753      7.904023170   1726585517.906648636  1726585517.905199     15517753            0       
         149    15517754      7.909498453   1726585517.912123919  1726585517.910530     15517754            0       
         150    15517755      7.914691687   1726585517.917317152  1726585517.915864     15517755            0       
         151    15517756      7.920074940   1726585517.922700405  1726585517.921198     15517756            0       
         152    15517757      7.925655365   1726585517.928280830  1726585517.926537     15517757            0       
         153    15517758      7.930841923   1726585517.933467388  1726585517.931864     15517758            0       
         154    15517759      7.936079025   1726585517.938704491  1726585517.937198     15517759            0       
         155    15517760      7.941357851   1726585517.943983316  1726585517.942530     15517760            0       
         156    15517761      7.947030306   1726585517.949655771  1726585517.947864     15517761            0       
         157    15517762      7.952176571   1726585517.954802036  1726585517.953198     15517762            0       
         158    15517763      7.957482338   1726585517.960107803  1726585517.958532     15517763            0       
         159    15517764      7.962740898   1726585517.965366364  1726585517.963865     15517764            0       
         160    15517765      7.968412161   1726585517.971037626  1726585517.969201     15517765            0       
         161    15517766      7.973488808   1726585517.976114273  1726585517.974533     15517766            0       
         162    15517767      7.978869677   1726585517.981495142  1726585517.979865     15517767            0       
         163    15517768      7.984223366   1726585517.986848831  1726585517.985199     15517768            0       
         164    15517769      7.989518404   1726585517.992143869  1726585517.990532     15517769            0       
         165    15517770      7.994985580   1726585517.997611046  1726585517.995872     15517770            0       
         166    15517771      8.000286579   1726585518.002912045  1726585518.001199     15517771            0       
         167    15517772      8.005606174   1726585518.008231640  1726585518.006533     15517772            0       
         168    15517773      8.010831356   1726585518.013456821  1726585518.011867     15517773            0       
         169    15517774      8.016409397   1726585518.019034863  1726585518.017201     15517774            0       
         170    15517775      8.021684647   1726585518.024310112  1726585518.022532     15517775            0       
         171    15517776      8.026824236   1726585518.029449701  1726585518.027866     15517776            0       
         172    15517777      8.032071114   1726585518.034696579  1726585518.033200     15517777            0       
         173    15517778      8.037453413   1726585518.040078878  1726585518.038532     15517778            0       
         174    15517779      8.042884827   1726585518.045510292  1726585518.043866     15517779            0       
         175    15517780      8.048232317   1726585518.050857782  1726585518.049202     15517780            0       
         176    15517781      8.053437471   1726585518.056062937  1726585518.054535     15517781            0       
         177    15517782      8.058818340   1726585518.061443806  1726585518.059867     15517782            0       
         178    15517783      8.064425945   1726585518.067051411  1726585518.065200     15517783            0       
         179    15517784      8.069603443   1726585518.072228909  1726585518.070533     15517784            0       
         180    15517785      8.074865580   1726585518.077491045  1726585518.075866     15517785            0       
         181    15517786      8.080117941   1726585518.082743406  1726585518.081201     15517786            0       
         182    15517787      8.085434675   1726585518.088060141  1726585518.086534     15517787            0       
         183    15517788      8.090748787   1726585518.093374252  1726585518.091866     15517788            0       
         184    15517789      8.096218824   1726585518.098844290  1726585518.097202     15517789            0       
         185    15517790      8.101515770   1726585518.104141235  1726585518.102534     15517790            0       
         186    15517791      8.106753349   1726585518.109378815  1726585518.107867     15517791            0       
         187    15517792      8.112162352   1726585518.114787817  1726585518.113203     15517792            0       
         188    15517793      8.117547035   1726585518.120172501  1726585518.118534     15517793            0       
         189    15517794      8.122752190   1726585518.125377655  1726585518.123868     15517794            0       
         190    15517795      8.128047943   1726585518.130673409  1726585518.129201     15517795            0       
         191    15517796      8.133367062   1726585518.135992527  1726585518.134534     15517796            0       
         192    15517797      8.138927460   1726585518.141552925  1726585518.139868     15517797            0       
         193    15517798      8.144179583   1726585518.146805048  1726585518.145201     15517798            0       
         194    15517799      8.149391413   1726585518.152016878  1726585518.150535     15517799            0       
         195    15517800      8.154780388   1726585518.157405853  1726585518.155868     15517800            0       
         196    15517801      8.160162449   1726585518.162787914  1726585518.161203     15517801            0       
         197    15517802      8.165558577   1726585518.168184042  1726585518.166535     15517802            0       
         198    15517803      8.170837164   1726585518.173462629  1726585518.171868     15517803            0       
         199    15517804      8.176081419   1726585518.178706884  1726585518.177202     15517804            0       
         200    15517805      8.181737185   1726585518.184362650  1726585518.182537     15517805            0       
         201    15517806      8.186895609   1726585518.189521074  1726585518.187869     15517806            0       
         202    15517807      8.192160845   1726585518.194786310  1726585518.193202     15517807            0       
         203    15517808      8.197430611   1726585518.200056076  1726585518.198536     15517808            0       
         204    15517809      8.203023195   1726585518.205648661  1726585518.203869     15517809            0       
         205    15517810      8.208141088   1726585518.210766554  1726585518.209203     15517810            0       
         206    15517811      8.213538647   1726585518.216164112  1726585518.214535     15517811            0       
         207    15517812      8.218822956   1726585518.221448421  1726585518.219869     15517812            0       
         208    15517813      8.224100828   1726585518.226726294  1726585518.225203     15517813            0       
         209    15517814      8.229354382   1726585518.231979847  1726585518.230536     15517814            0       
         210    15517815      8.234891176   1726585518.237516642  1726585518.235870     15517815            0       
         211    15517816      8.240207434   1726585518.242832899  1726585518.241202     15517816            0       
         212    15517817      8.245383501   1726585518.248008966  1726585518.246536     15517817            0       
         213    15517818      8.250762224   1726585518.253387690  1726585518.251869     15517818            0       
         214    15517819      8.256233692   1726585518.258859158  1726585518.257205     15517819            0       
         215    15517820      8.261543751   1726585518.264169216  1726585518.262538     15517820            0       
         216    15517821      8.266738415   1726585518.269363880  1726585518.267871     15517821            0       
         217    15517822      8.272138119   1726585518.274763584  1726585518.273203     15517822            0       
         218    15517823      8.277489662   1726585518.280115128  1726585518.278538     15517823            0       
         219    15517824      8.282879353   1726585518.285504818  1726585518.283871     15517824            0       
         220    15517825      8.288271904   1726585518.290897369  1726585518.289203     15517825            0       
         221    15517826      8.293375969   1726585518.296001434  1726585518.294537     15517826            0       
         222    15517827      8.298779964   1726585518.301405430  1726585518.299870     15517827            0       
         223    15517828      8.304087162   1726585518.306712627  1726585518.305204     15517828            0       
         224    15517829      8.309515238   1726585518.312140703  1726585518.310537     15517829            0       
         225    15517830      8.314849377   1726585518.317474842  1726585518.315870     15517830            0       
         226    15517831      8.320192337   1726585518.322817802  1726585518.321206     15517831            0       
         227    15517832      8.325377703   1726585518.328003168  1726585518.326538     15517832            0       
         228    15517833      8.330895662   1726585518.333521128  1726585518.331871     15517833            0       
         229    15517834      8.336092472   1726585518.338717937  1726585518.337205     15517834            0       
         230    15517835      8.341405153   1726585518.344030619  1726585518.342537     15517835            0       
         231    15517836      8.346740246   1726585518.349365711  1726585518.347871     15517836            0       
         232    15517837      8.352255821   1726585518.354881287  1726585518.353206     15517837            0       
         233    15517838      8.357616663   1726585518.360242128  1726585518.358538     15517838            0       
         234    15517839      8.362807274   1726585518.365432739  1726585518.363873     15517839            0
