# Telemetry stream timing data 
# File written by function save_telemetry_fits_function in file /home/first/src/milk/src/COREMOD_memory/logshmim.c
# 
# col1 : datacube frame index
# col2 : Main index
# col3 : Time since cube origin (logging)
# col4 : Absolute time (logging)
# col5 : Absolute time (acquisition)
# col6 : stream cnt0 index
# col7 : stream cnt1 index
# 
         0   752408255      0.000000000   1726585517.315951586  1726585517.315891    752408255    752408255
         1   752408256      0.019963503   1726585517.335915089  1726585517.335903    752408256    752408256
         2   752408257      0.039991856   1726585517.355943441  1726585517.355930    752408257    752408257
         3   752408258      0.059987307   1726585517.375938892  1726585517.375925    752408258    752408258
         4   752408259      0.080000877   1726585517.395952463  1726585517.395940    752408259    752408259
         5   752408260      0.099992514   1726585517.415944099  1726585517.415931    752408260    752408260
         6   752408261      0.119979143   1726585517.435930729  1726585517.435917    752408261    752408261
         7   752408262      0.139981031   1726585517.455932617  1726585517.455918    752408262    752408262
         8   752408263      0.160022259   1726585517.475973845  1726585517.475959    752408263    752408263
         9   752408264      0.180052042   1726585517.496003628  1726585517.495990    752408264    752408264
        10   752408265      0.200045586   1726585517.515997171  1726585517.515981    752408265    752408265
        11   752408266      0.220043898   1726585517.535995483  1726585517.535982    752408266    752408266
        12   752408267      0.240070581   1726585517.556022167  1726585517.556009    752408267    752408267
        13   752408268      0.260021448   1726585517.575973034  1726585517.575959    752408268    752408268
        14   752408269      0.280075788   1726585517.596027374  1726585517.596014    752408269    752408269
        15   752408270      0.300093889   1726585517.616045475  1726585517.616030    752408270    752408270
        16   752408271      0.320125341   1726585517.636076927  1726585517.636061    752408271    752408271
        17   752408272      0.340118408   1726585517.656069994  1726585517.656056    752408272    752408272
        18   752408273      0.360143661   1726585517.676095247  1726585517.676080    752408273    752408273
        19   752408274      0.380135298   1726585517.696086884  1726585517.696074    752408274    752408274
        20   752408275      0.400104046   1726585517.716055632  1726585517.716044    752408275    752408275
        21   752408276      0.420120239   1726585517.736071825  1726585517.736060    752408276    752408276
        22   752408277      0.440173626   1726585517.756125212  1726585517.756111    752408277    752408276
        23   752408278      0.460155725   1726585517.776107311  1726585517.776095    752408278    752408278
        24   752408279      0.480172396   1726585517.796123981  1726585517.796112    752408279    752408279
        25   752408280      0.500204563   1726585517.816156149  1726585517.816142    752408280    752408280
        26   752408281      0.520205498   1726585517.836157084  1726585517.836145    752408281    752408281
        27   752408282      0.540229559   1726585517.856181145  1726585517.856158    752408282    752408282
        28   752408283      0.560164690   1726585517.876116276  1726585517.876103    752408283    752408283
        29   752408284      0.580159664   1726585517.896111250  1726585517.896097    752408284    752408284
        30   752408285      0.600306511   1726585517.916258097  1726585517.916240    752408285    752408285
        31   752408286      0.620229721   1726585517.936181307  1726585517.936168    752408286    752408286
        32   752408287      0.640232563   1726585517.956184149  1726585517.956171    752408287    752408287
        33   752408288      0.660238981   1726585517.976190567  1726585517.976178    752408288    752408288
        34   752408289      0.680258512   1726585517.996210098  1726585517.996197    752408289    752408289
        35   752408290      0.700255632   1726585518.016207218  1726585518.016195    752408290    752408290
        36   752408291      0.720243931   1726585518.036195517  1726585518.036181    752408291    752408291
        37   752408292      0.740247011   1726585518.056198597  1726585518.056184    752408292    752408292
        38   752408293      0.760293245   1726585518.076244831  1726585518.076232    752408293    752408293
        39   752408294      0.780301809   1726585518.096253395  1726585518.096240    752408294    752408294
        40   752408295      0.800310612   1726585518.116262197  1726585518.116248    752408295    752408295
        41   752408296      0.820324659   1726585518.136276245  1726585518.136264    752408296    752408296
        42   752408297      0.840330601   1726585518.156282187  1726585518.156268    752408297    752408297
        43   752408298      0.860327959   1726585518.176279545  1726585518.176267    752408298    752408298
        44   752408299      0.880309105   1726585518.196260691  1726585518.196248    752408299    752408299
        45   752408300      0.900330544   1726585518.216282129  1726585518.216267    752408300    752408300
        46   752408301      0.920363903   1726585518.236315489  1726585518.236301    752408301    752408301
        47   752408302      0.940414667   1726585518.256366253  1726585518.256352    752408302    752408302
        48   752408303      0.960439920   1726585518.276391506  1726585518.276369    752408303    752408303
        49   752408304      0.980415106   1726585518.296366692  1726585518.296350    752408304    752408304